9112 15.566667 38.320504 -36.1808 
9113 15.582796 38.308333 -51.6129
9114 15.600000 38.293459 -43.6648
9115 15.618170 38.283333 -47.8107
9116 15.644323 38.275000 -37.1895
9117 15.629293 38.258333 -56.1281
9118 15.600000 38.244453 -69.3529
9119 15.583333 38.235090 -65.7201
9121 15.566667 38.186584 -85.4713
9122 15.550000 38.169535 -70.2825
9123 15.537541 38.150000 -90.0667
9124 15.525000 38.131372 -35.9416
9125 15.509226 38.100000 -37.0598
9127 15.492709 38.066667 -32.0552
9128 15.475725 38.050000 -40.5137
9129 15.458333 38.035015 -79.1491
9130 15.441667 38.016676 -45.5939
9131 15.425000 38.002212 -51.4769
9132 15.408333 37.984440 -56.9122
9134 15.373526 37.941667 -62.6547
9135 15.355588 37.925000 -75.7635
9137 15.316667 37.883551 -48.4458
9138 15.304611 37.858333 -132.5670
9139 15.291667 37.841717 -50.1233
9140 15.275000 37.818359 -58.6111
9141 15.258333 37.805916 -34.1916
9142 15.241667 37.786675 -64.7738
9143 15.226115 37.766667 -45.8210
9144 15.215347 37.741667 -73.6401
9145 15.222515 37.725000 -62.0449
9146 15.219184 37.700000 -31.0058
9149 15.184814 37.633333 -32.4431
9151 15.175655 37.566667 -45.5081
9152 15.151915 37.550000 -35.2083
9153 15.133333 37.536769 -75.5092
9154 15.122241 37.508333 -57.7442
9155 15.127388 37.475000 -45.0600
9156 15.140044 37.441667 -54.0638
9157 15.150000 37.411160 -45.1685
9158 15.151196 37.383333 -42.8736
9159 15.158333 37.355221 -55.3848
9160 15.175000 37.336360 -40.6587
9161 15.191667 37.323566 -51.3550
9162 15.208333 37.301229 -48.4428
9163 15.231647 37.291667 -54.0890
9164 15.250000 37.269843 -31.9495
9165 15.266667 37.251029 -39.4174
9166 15.268459 37.225000 -46.0519
9167 15.247033 37.208333 -57.4063
9168 15.247732 37.175000 -56.6239
9169 15.258333 37.156297 -51.7956
9170 15.266667 37.125071 -36.2733
9171 15.298054 37.116667 -55.1557
9172 15.313853 37.091667 -64.5256
9173 15.313733 37.058333 -60.0131
9174 15.325000 37.037843 -57.7522
9176 15.325555 36.991667 -51.7813
9177 15.291667 36.986380 -60.3407
9178 15.276111 36.966667 -48.1390
9179 15.258333 36.953651 -60.4997
9180 15.225000 36.944290 -56.3024
9181 15.208763 36.933333 -49.2337
9182 15.193523 36.916667 -45.7854
9183 15.178305 36.900000 -43.1696
9184 15.173711 36.866667 -52.5157
9185 15.166667 36.836056 -52.6557
9186 15.162238 36.808333 -44.5677
9187 15.170229 36.775000 -47.4592
9188 15.171587 36.741667 -52.2322
9189 15.180197 36.716667 -52.2411
9190 15.181992 36.683333 -51.1669
9191 15.200000 36.663813 -51.7251
9192 15.200000 36.636744 -50.9514
9193 15.166667 36.634479 -50.2480
9194 15.150000 36.616671 -50.4269
9195 15.131602 36.608333 -49.7390
9196 15.106298 36.608333 -51.1567
9197 15.118387 36.583333 -49.5822
9198 15.091667 36.576822 -50.3636
9199 15.073132 36.575000 -49.5270
9200 15.041667 36.575242 -50.0340
9201 15.025000 36.559987 -50.3876
9202 15.008333 36.591109 -49.8879
9479 15.241667 36.618557 -50.4063
9480 15.291667 36.618332 -43.3929
9481 15.314999 36.608333 -44.3773
9482 15.292865 36.600000 -49.8679
